-1,1178
-0,0541
0,255
0,1986
-0,4723
0,8452
-0,8085
0,0056
0,9564
-0,387
-0,631
0,4997
0,0092
-0,8162
-0,7393
-0,3299
-1,8124
-0,6564
-0,1509
0,8708
-0,249
-1,0916
-0,5572
0,3705
-0,3221
-0,7974
1,788
1,7349
-0,2748
-0,7123
1,9168
0,1109
-1,5257
-1,5257
-0,1138
-1,7227
-1,5708
-0,3397
-0,1584
1,4348
-0,1655
-0,194
0,2926
0,4675
0,702
1,1768
-1,8229
-0,6421
0,7334
-0,3872
-1,8116
-1,1609
0,2007
-0,651
0,3352
-0,7089
-0,8011
-0,2192
1,2244
-0,5126
-1,2873
-0,9193
0,5996
-0,4597
-0,1579
-0,6861
1,3086
0,8502
1,1247
-0,1342
-1,1295
-1,0891
-1,5041
0,9652
1,2203
-0,9258
-0,3606
-0,427
-2,8469
-0,4785
-1,1177
0,0633
0,5995
-1,1859
-0,9321
-0,4216
-0,5396
1,6643
-0,3999
0,2717
-0,2906
-2,6173
-1,7808
1,0381
-0,1324
0,1422
0,479
-0,1134
-0,6147
-1,2469
0,49
0,2041
-0,3711
-2,6551
-0,9499
0,1401
-1,0244
0,9181
0,6327
-1,0166
0,242
0,1137
0,8625
-0,7329
0,378
-1,2951
1,6479
-0,8112
0,3568
1,5029
1,1809
-0,0297
1,2922
1,2366
-0,2984
-0,1173
0,2667
-1,1423
1,2115
-0,4797
2,3474
-1,8831
-0,869
1,3983
-0,9006
0,1624
-0,4875
-1,1403
1,3523
1,2059
0,9205
-1,609
0,6129
0,2039
1,2439
-0,3077
0,2052
1,7673
1,1467
2,701
1,7776
-0,4719
0,4513
0,7924
1,2909
-1,3304
0,4548
-0,3049
0,639
0,3061
-0,1842
-0,137
-0,287
-0,0897
0,5518
0,2707
0,2433
0,598
1,5554
-0,7212
-1,4856
0,0056
0,3022
0,727
-1,3261
-2,2423
1,0726
1,494
0,8735
-0,0632
-0,1896
1,4282
0,037
0,7168
0,7087
0,2402
1,4397
0,9188
0,4219
-1,8708
-0,929
-0,351
0,3159
0,3065
-1,7459
-0,9258
-0,0434
0,5107
-1,1648
1,2817
1,939
